-18.753801464
-0.508706026352
-0.276449004892
0.290852759192
-0.414138600509
-0.0999165294262
-0.43647454637
0.055835974785
-0.386023535178
0.0346858284278
-0.32583719412
-0.0304826487251
-0.224312128172
0.0
-1.27850443643
-0.905418651657
-1.04284288751
-0.448362068917
-0.80624312701
0.498606571584
-0.210135056249
0.0564940642987
1.26059706035
-0.462248259688
0.566077972343
0.0654903378726
0.0319739887567
0.698495109004
0.395318461593
0.0492835591688
0.240665707027
0.280853746105
0.407936153295
0.141740541573
0.569556277333
0.317570192624
0.410899405996
0.124599111301
0.524233326189
0.396279754658
0.456406587463
-0.158689492995
0.288627701391
0.234790809024
0.105530480511
-0.0716135619955
0.0799785532663
-0.264156516881
-2.35859390241
2.45588025059
-1.97855684906
0.962317619007
1.02244203591
1.21069554576
-4.11510702193
-0.591975834117
-0.805057980637
-1.37185631688
-0.801640568896
-0.203450462637
3.13714296254
0.124553910273
-1.56155045225
