-7.97809575214
-0.356445630417
-0.307954562991
-0.00243073834474
-0.162367608421
-0.190076794222
-0.674662509785
0.346967509701
-0.865276893574
0.339243826688
-0.113915769325
-0.11703198703
0.334306381879
0.0
-3.94691336432
-1.05740550297
-1.16208977944
0.30200812066
1.95113792626
0.410378760506
-1.07753417775
-2.39576811062
3.79801133286
-0.29592618581
-0.592488905518
0.414918749913
0.11748361595
0.306491662726
0.0409321430494
1.34992912011
-0.702300084136
0.677676445991
0.0154294442139
0.613111149344
0.311546883278
1.11825273847
-0.377476326464
0.1572958599
-0.254957810226
-0.599484272635
-0.383614671776
0.0880098708267
-0.0860482979465
-0.49646710567
0.354338146135
-0.234772119916
1.80084359288
-1.59649633883
2.5812630163
-2.2458752722
-0.173046638486
0.431491496452
-0.967285474926
2.09384169076
-0.374301555114
-0.425884278291
-0.189575153298
-0.118872889902
-0.227656020382
-0.204162597974
-0.133680323811
-0.0995015011124
-0.284451782881
