-4.75025010386
-0.274113306075
0.051443218281
0.211065171651
-0.148852474265
-0.311747855731
-0.221112281698
-0.500552268823
-0.294213240481
0.212117476671
-0.757286186251
0.0915186150201
0.348642683706
0.0
0.180791836712
-0.712220073816
-1.38945293567
0.933303432964
0.463408247099
-0.873478839862
-1.09564741583
0.135401155838
-1.56042808221
1.67398643982
0.266980955044
0.349122656528
-0.248671942872
1.29921111399
0.867781013264
-1.21248748383
-0.589841056824
-0.539916109562
1.44879154722
0.160772741105
0.365492874415
-0.698864081125
0.375373429753
-1.65179802921
0.760269004158
-0.402558505056
0.599532348566
0.42743110982
-0.264858774018
0.0145283146394
0.780360259563
-1.34617200452
-0.785443851401
-1.70963783184
-1.39580380178
-3.08498979124
1.62903546998
3.98608419779
1.59627687718
-1.34117910664
-1.16651524283
-0.718224554439
-0.567797695521
2.45306556257
0.549387175066
-0.485991456752
1.04366016332
-1.13124243137
1.0200827238
