-8.94427827919
-0.675810661074
-0.306660243089
-0.540749429354
-0.601006967487
0.0777629188382
-0.37482585122
0.0601869376784
-0.197579129684
-0.686269819334
-0.120353898187
-1.62380256377
0.184234467159
0.0
-4.09125076335
1.18746156757
4.72495754826
-0.793392729874
-0.0672270791499
0.985429104138
0.467599506862
0.113482904177
-0.155349491991
0.571274807288
-0.592000278101
-0.0862426051462
-0.653292540772
0.606416539312
0.58802990836
0.987447847187
0.17041673163
0.85794182708
0.778123598017
0.170466160992
0.609968344203
-0.0925771521985
0.0496558828624
0.00831999728473
0.99260995347
0.257439365364
0.476176536151
0.261258207959
0.522960522103
0.408416434217
0.777891284767
0.187232912083
0.0621887882523
-1.37601223875
-4.86465610402
-2.17115961838
-2.32588744269
-0.801574778352
0.434598584227
-0.266623331427
-0.1696173387
-0.140809075977
-0.259126574509
-0.783398558871
-0.772480435511
-0.194591777446
-0.586178346888
-0.634724003554
-0.184466837688
