-20.0131912303
0.0219877370136
-0.254464644681
-0.173434614792
0.51986612378
-0.0964589154568
-0.053413786735
0.0726436093144
-0.148022273305
-0.394844057849
0.486321353627
-0.54313185605
-0.540029216843
0.0
0.781844255072
-0.360107398217
-0.459943034768
-1.91249325263
-0.886927628005
3.58550516446
-3.41788261585
3.77462192962
-6.20885042783
0.906513857689
0.121373664062
0.116239462639
-0.182503954866
0.395937272918
0.249718427817
0.253598941366
-0.922647471697
-0.753964253922
0.210799914961
1.44332552109
0.657135387255
0.451597030464
-0.193801267877
0.606739045087
0.337376790241
0.456384912832
0.304225262658
-0.258249511139
-0.396092598578
-0.249450040468
-0.0496733751881
0.459786822951
-3.73877664895
2.64180159928
-1.31971573418
0.906436383186
1.63082397016
-2.8791896456
1.82611121343
-0.384220466662
-0.487995888578
1.24804168348
1.0304727912
-4.27609700117
4.28332733417
-2.45035037823
2.23390579215
2.43932347441
-2.66701585223
