-11.4914903554
-0.450274716909
-0.0195974798188
-0.828648586878
0.018939808
-0.131475434107
-0.423366792821
-0.31419817801
-0.0630638804624
0.843107176973
-0.128277528982
-0.115566839369
-0.107134503089
0.0
-1.91149214226
-1.02592587076
4.67734720766
-0.0833500014218
0.0173972159563
-2.40065388013
2.87792029096
1.16470211852
1.1599995296
-1.75826447278
-0.28947997158
0.298428527582
0.437946173051
0.377796818984
0.0228001508497
0.837453628454
-0.195830051791
-0.221472274123
-0.937051673291
0.610202411766
0.303943093031
-0.41728578455
-0.262858978257
-0.364661360429
0.378619443281
0.0618406222483
0.818551180047
0.593112864599
0.217354788254
0.115400912292
0.0868023184147
1.07824443558
-2.50117952157
1.89819452461
0.598311002953
-0.695993232982
-1.37451044056
-2.93693085899
-0.677438523978
-0.580201212485
-0.688516780637
-1.01589507617
0.858828032359
-1.29688562997
0.646574222925
0.770664112071
0.686562003337
-0.500387883619
-1.17828896251
